161	1814
0	1
0	2
0	3
0	4
0	5
0	6
0	7
0	8
0	9
10	11
10	12
10	13
10	14
10	15
11	13
11	1
11	3
11	16
11	17
11	18
11	19
11	20
11	21
11	22
11	23
11	24
11	25
11	26
11	27
11	28
11	29
12	13
12	30
12	31
12	32
12	33
12	34
12	35
12	36
13	1
13	3
13	16
13	17
13	18
13	33
13	19
13	20
13	21
13	22
13	23
13	24
13	25
13	26
13	27
13	28
13	29
1	3
1	5
1	16
1	17
1	18
1	19
1	20
1	21
1	22
1	23
1	24
1	25
1	26
1	27
1	28
1	29
2	3
2	5
2	8
2	9
2	16
2	37
2	38
3	5
3	16
3	17
3	18
3	39
3	19
3	20
3	21
3	22
3	23
3	24
3	25
3	26
3	27
3	28
3	29
4	5
4	6
4	40
4	41
4	30
4	42
4	43
4	44
4	45
4	46
4	47
4	48
4	49
4	32
4	50
4	39
4	51
4	52
4	53
4	54
4	55
4	56
4	57
4	58
4	59
4	60
4	61
4	62
4	63
4	64
4	65
4	66
4	33
4	67
4	68
4	69
4	70
4	71
4	72
4	73
4	74
4	75
4	76
4	77
4	78
4	79
4	80
4	81
4	82
4	83
4	84
4	85
4	86
4	87
4	88
4	89
5	43
5	44
5	45
5	46
5	16
5	47
5	48
5	49
5	32
5	50
5	39
5	86
5	19
5	37
6	40
6	41
6	30
6	42
6	51
6	52
6	53
6	54
6	55
6	56
6	57
6	58
6	59
6	60
6	61
6	62
6	63
6	64
6	65
6	66
6	33
6	67
6	68
6	69
6	70
6	71
6	72
6	73
6	74
6	75
6	76
6	77
6	78
6	79
6	80
6	81
6	82
6	83
6	84
6	85
6	86
6	87
6	88
6	89
6	90
6	91
6	92
6	93
6	94
6	95
6	96
6	97
6	98
6	99
6	100
7	9
7	41
7	30
7	51
7	54
7	57
7	68
7	69
7	101
7	102
7	103
7	104
7	90
7	105
7	106
7	107
7	108
8	9
8	44
8	109
8	110
8	18
8	111
9	69
9	101
14	112
14	113
14	114
14	40
14	41
14	115
14	30
14	31
112	113
112	114
112	40
112	41
112	115
112	30
112	31
112	15
112	57
112	73
112	75
112	116
112	117
112	118
112	119
112	120
113	114
113	40
113	41
113	115
113	30
113	31
114	40
114	41
114	115
114	30
114	31
114	121
114	116
40	41
40	115
40	30
40	31
40	42
40	48
40	51
40	52
40	53
40	54
40	55
40	56
40	57
40	58
40	59
40	60
40	61
40	62
40	63
40	64
40	65
40	66
40	33
40	67
40	68
40	69
40	70
40	71
40	72
40	73
40	74
40	75
40	76
40	77
40	78
40	79
40	80
40	81
40	82
40	83
40	84
40	85
40	86
40	87
40	88
40	89
40	19
40	122
40	123
41	115
41	30
41	31
41	121
41	42
41	51
41	52
41	53
41	54
41	55
41	56
41	57
41	58
41	59
41	60
41	61
41	62
41	63
41	64
41	65
41	66
41	33
41	67
41	68
41	69
41	70
41	71
41	72
41	73
41	74
41	75
41	76
41	77
41	78
41	79
41	80
41	81
41	82
41	83
41	84
41	85
41	86
41	87
41	88
41	89
41	116
41	124
41	102
41	125
41	126
41	127
41	117
41	128
41	129
41	118
41	103
41	119
41	130
41	131
41	104
41	132
41	90
41	120
41	133
41	134
41	34
115	30
115	31
115	109
115	15
115	75
115	37
115	135
115	116
115	117
115	118
115	120
30	31
30	42
30	51
30	53
30	54
30	55
30	56
30	57
30	58
30	59
30	60
30	62
30	63
30	64
30	65
30	66
30	33
30	67
30	68
30	69
30	70
30	71
30	72
30	73
30	74
30	75
30	76
30	77
30	78
30	79
30	80
30	81
30	82
30	83
30	84
30	85
30	86
30	87
30	88
30	89
30	116
30	124
30	125
30	127
30	117
30	129
30	130
30	131
30	90
30	134
30	34
30	35
30	36
31	54
31	59
31	73
31	116
31	124
31	125
31	117
31	129
31	130
31	134
31	34
31	35
31	36
136	121
136	137
136	42
136	138
136	139
121	137
121	42
121	138
121	139
121	57
121	68
121	83
121	19
121	140
121	116
121	117
121	120
121	133
137	42
137	138
137	139
137	68
137	83
137	140
42	138
42	139
42	51
42	52
42	53
42	54
42	55
42	56
42	57
42	58
42	59
42	60
42	61
42	62
42	63
42	64
42	65
42	66
42	33
42	67
42	68
42	69
42	70
42	71
42	72
42	73
42	74
42	75
42	76
42	77
42	78
42	79
42	80
42	81
42	82
42	83
42	84
42	85
42	86
42	87
42	88
42	89
42	90
42	91
42	92
42	93
42	94
42	95
42	96
42	97
42	98
42	99
42	100
138	139
138	68
138	83
138	140
43	44
43	45
43	46
43	47
43	48
43	49
43	32
43	50
43	39
44	109
44	45
44	46
44	16
44	17
44	47
44	110
44	48
44	49
44	18
44	32
44	111
44	50
44	39
109	45
109	110
109	18
109	111
109	15
109	68
109	75
109	101
109	135
109	124
109	90
109	141
109	142
45	46
45	47
45	48
45	49
45	32
45	50
45	39
45	15
46	47
46	48
46	49
46	32
46	50
46	39
16	17
16	18
16	32
16	111
16	39
16	68
16	19
16	37
16	20
16	38
16	21
16	22
16	23
16	101
16	24
16	25
16	26
16	27
16	28
16	29
17	18
17	111
17	19
17	20
17	21
17	22
17	23
17	24
17	25
17	26
17	27
17	28
17	29
47	48
47	49
47	32
47	50
47	39
110	18
110	111
110	37
48	49
48	32
48	50
48	39
48	82
49	32
49	50
49	39
49	143
49	144
18	32
18	111
18	19
18	37
18	20
18	21
18	22
18	23
18	24
18	25
18	26
18	27
18	28
18	29
18	145
32	50
32	39
32	144
32	20
111	15
111	116
111	124
50	39
39	19
39	144
39	146
39	147
15	68
15	75
15	124
15	90
15	142
51	53
51	54
51	55
51	56
51	57
51	58
51	59
51	60
51	61
51	62
51	63
51	64
51	65
51	66
51	33
51	67
51	68
51	69
51	70
51	71
51	72
51	73
51	74
51	75
51	76
51	77
51	78
51	79
51	80
51	81
51	82
51	83
51	84
51	85
51	86
51	87
51	88
51	89
51	102
51	90
52	53
52	54
52	55
52	56
52	57
52	58
52	59
52	60
52	61
52	63
52	64
52	65
52	66
52	33
52	67
52	68
52	69
52	70
52	71
52	72
52	73
52	74
52	75
52	76
52	77
52	78
52	79
52	80
52	81
52	82
52	83
52	84
52	85
52	86
52	87
52	88
52	89
53	54
53	55
53	56
53	57
53	58
53	59
53	60
53	61
53	62
53	63
53	64
53	65
53	66
53	33
53	67
53	68
53	69
53	70
53	71
53	72
53	73
53	74
53	75
53	76
53	77
53	78
53	79
53	80
53	81
53	82
53	83
53	84
53	85
53	86
53	87
53	88
53	89
54	55
54	56
54	57
54	58
54	59
54	60
54	61
54	62
54	63
54	64
54	65
54	66
54	33
54	67
54	68
54	69
54	70
54	71
54	72
54	73
54	74
54	75
54	76
54	77
54	78
54	79
54	80
54	81
54	82
54	83
54	84
54	85
54	86
54	87
54	88
54	89
54	102
54	127
54	129
54	131
54	90
54	134
55	56
55	57
55	58
55	59
55	60
55	61
55	62
55	63
55	64
55	65
55	66
55	33
55	67
55	68
55	69
55	70
55	71
55	72
55	73
55	74
55	75
55	76
55	77
55	78
55	79
55	80
55	81
55	82
55	83
55	84
55	85
55	86
55	87
55	88
55	89
55	19
55	122
55	148
55	123
56	57
56	58
56	59
56	60
56	61
56	62
56	63
56	64
56	65
56	66
56	33
56	67
56	68
56	69
56	70
56	71
56	72
56	73
56	74
56	75
56	76
56	77
56	78
56	79
56	80
56	81
56	82
56	83
56	84
56	85
56	86
56	87
56	88
56	89
56	149
56	150
57	58
57	59
57	60
57	61
57	62
57	63
57	64
57	65
57	66
57	33
57	67
57	68
57	69
57	70
57	71
57	72
57	73
57	74
57	75
57	76
57	77
57	78
57	79
57	80
57	81
57	82
57	83
57	84
57	85
57	86
57	87
57	88
57	89
57	116
57	102
57	127
57	117
57	128
57	103
57	119
57	131
57	104
57	90
57	120
57	133
57	91
57	92
57	93
57	94
58	59
58	60
58	61
58	62
58	63
58	64
58	65
58	66
58	33
58	67
58	68
58	69
58	70
58	71
58	72
58	73
58	74
58	75
58	76
58	77
58	78
58	79
58	80
58	81
58	82
58	83
58	84
58	85
58	86
58	87
58	88
58	89
59	60
59	61
59	62
59	63
59	64
59	65
59	66
59	33
59	67
59	68
59	69
59	70
59	71
59	72
59	73
59	74
59	75
59	76
59	77
59	78
59	79
59	80
59	81
59	82
59	83
59	84
59	85
59	86
59	87
59	88
59	89
59	124
59	131
59	134
60	61
60	62
60	63
60	64
60	65
60	66
60	33
60	67
60	68
60	69
60	70
60	71
60	72
60	73
60	74
60	75
60	76
60	77
60	78
60	79
60	80
60	81
60	82
60	83
60	84
60	85
60	86
60	87
60	88
60	89
60	93
60	151
60	95
61	63
61	64
61	65
61	66
61	33
61	67
61	68
61	69
61	70
61	71
61	72
61	73
61	74
61	75
61	76
61	77
61	78
61	79
61	80
61	81
61	82
61	83
61	84
61	85
61	86
61	87
61	88
61	89
62	63
62	64
62	65
62	66
62	33
62	67
62	68
62	69
62	70
62	71
62	72
62	73
62	74
62	75
62	76
62	77
62	78
62	79
62	80
62	81
62	82
62	83
62	84
62	85
62	86
62	87
62	88
62	89
63	64
63	65
63	66
63	33
63	67
63	68
63	69
63	70
63	71
63	72
63	73
63	74
63	75
63	76
63	77
63	78
63	79
63	80
63	81
63	82
63	83
63	84
63	85
63	86
63	87
63	88
63	89
64	65
64	66
64	33
64	67
64	68
64	69
64	70
64	71
64	72
64	73
64	74
64	75
64	76
64	77
64	78
64	79
64	80
64	81
64	82
64	83
64	84
64	85
64	86
64	87
64	88
64	89
65	66
65	33
65	67
65	68
65	69
65	70
65	71
65	72
65	73
65	74
65	75
65	76
65	77
65	78
65	79
65	80
65	81
65	82
65	83
65	84
65	85
65	86
65	87
65	88
65	89
65	128
65	90
65	91
65	92
65	93
65	94
65	149
65	150
66	33
66	67
66	68
66	69
66	70
66	71
66	72
66	73
66	74
66	75
66	76
66	77
66	78
66	79
66	80
66	81
66	82
66	83
66	84
66	85
66	86
66	87
66	88
66	89
33	67
33	68
33	69
33	70
33	71
33	72
33	73
33	74
33	75
33	76
33	77
33	78
33	79
33	80
33	81
33	82
33	83
33	84
33	85
33	86
33	87
33	88
33	89
67	68
67	69
67	70
67	71
67	72
67	73
67	74
67	75
67	76
67	77
67	78
67	79
67	80
67	81
67	82
67	83
67	84
67	85
67	86
67	87
67	88
67	89
68	69
68	70
68	71
68	72
68	73
68	74
68	75
68	76
68	77
68	78
68	79
68	80
68	81
68	82
68	83
68	84
68	85
68	86
68	87
68	88
68	89
68	140
68	101
68	124
68	102
68	128
68	90
68	91
68	105
68	152
68	106
68	141
68	92
68	93
68	107
68	108
68	142
68	94
68	153
69	70
69	71
69	72
69	73
69	74
69	75
69	76
69	77
69	78
69	79
69	80
69	81
69	82
69	83
69	84
69	85
69	86
69	87
69	88
69	89
70	71
70	72
70	73
70	74
70	75
70	76
70	77
70	78
70	79
70	80
70	81
70	82
70	83
70	84
70	85
70	86
70	87
70	88
70	89
70	90
70	91
70	92
70	93
70	94
70	153
70	149
70	150
71	72
71	73
71	74
71	75
71	76
71	77
71	78
71	79
71	80
71	81
71	82
71	83
71	84
71	85
71	86
71	87
71	88
71	89
72	73
72	74
72	75
72	76
72	77
72	78
72	79
72	80
72	81
72	82
72	83
72	84
72	85
72	86
72	87
72	88
72	89
72	151
73	74
73	75
73	76
73	77
73	78
73	79
73	80
73	81
73	82
73	83
73	84
73	85
73	86
73	87
73	88
73	89
73	116
73	127
73	117
73	129
73	103
73	119
73	131
73	134
74	75
74	76
74	77
74	78
74	79
74	80
74	81
74	82
74	83
74	84
74	85
74	86
74	87
74	88
74	89
75	76
75	77
75	78
75	79
75	80
75	81
75	82
75	83
75	84
75	85
75	86
75	87
75	88
75	89
75	101
75	116
75	117
75	118
75	119
75	120
76	77
76	78
76	79
76	80
76	81
76	82
76	83
76	84
76	85
76	86
76	87
76	88
76	89
77	78
77	79
77	80
77	81
77	82
77	83
77	84
77	85
77	86
77	87
77	88
77	89
78	79
78	80
78	81
78	82
78	83
78	84
78	85
78	86
78	87
78	88
78	89
79	80
79	81
79	82
79	83
79	84
79	85
79	86
79	87
79	88
79	89
80	81
80	82
80	83
80	84
80	85
80	86
80	87
80	88
80	89
81	82
81	83
81	84
81	85
81	86
81	87
81	88
81	89
82	83
82	84
82	85
82	86
82	87
82	88
82	89
82	19
82	146
82	122
82	148
82	123
83	84
83	85
83	86
83	87
83	88
83	89
83	140
83	90
83	91
83	152
83	141
83	92
83	93
83	94
83	153
83	95
83	96
83	97
83	98
83	99
83	100
84	85
84	86
84	87
84	88
84	89
84	127
84	131
85	86
85	87
85	88
85	89
85	149
86	87
86	88
86	89
86	37
87	88
87	89
87	116
87	127
87	117
87	103
87	131
88	89
88	128
88	90
88	91
88	92
88	93
88	94
88	149
88	150
89	154
19	20
19	21
19	22
19	23
19	24
19	25
19	26
19	27
19	28
19	29
19	122
37	20
37	38
37	135
143	144
143	147
143	122
143	145
144	146
144	147
144	155
144	122
144	156
144	145
20	38
20	21
20	22
20	23
20	24
20	25
20	26
20	27
20	28
20	29
146	147
146	23
146	157
146	122
146	156
146	158
146	148
146	159
146	160
147	122
147	158
147	159
147	160
147	145
38	157
21	22
21	23
21	24
21	25
21	26
21	27
21	28
21	29
22	23
22	24
22	25
22	26
22	27
22	28
22	29
23	24
23	25
23	26
23	27
23	28
23	29
23	122
23	158
23	160
101	128
101	104
24	25
24	26
24	27
24	28
24	29
25	26
25	27
25	28
25	29
26	27
26	28
26	29
27	28
27	29
28	29
157	155
157	156
157	159
135	141
135	122
135	123
116	124
116	126
116	117
116	118
116	103
116	130
116	132
116	120
116	133
124	117
124	130
124	90
124	142
102	117
102	128
102	104
102	90
102	120
102	105
102	106
102	107
102	108
125	129
125	34
125	35
126	117
126	130
126	132
126	120
127	131
117	128
117	118
117	103
117	130
117	104
117	132
117	120
117	133
128	104
128	90
128	120
128	106
129	34
118	120
103	90
103	154
130	132
130	120
104	90
104	120
104	106
132	120
90	91
90	105
90	152
90	106
90	141
90	92
90	93
90	107
90	108
90	142
90	94
90	153
120	133
34	35
34	36
35	36
35	155
35	156
35	148
155	156
155	158
155	148
155	159
91	92
91	93
91	94
105	106
105	107
105	108
105	153
152	141
152	94
152	153
106	107
106	108
141	94
141	153
92	93
92	94
93	94
93	95
93	96
93	97
93	98
93	99
93	100
107	108
94	153
154	151
154	95
122	156
122	158
122	148
122	123
122	160
122	145
156	158
156	159
151	95
158	159
158	160
159	160
95	96
95	97
95	98
95	99
95	100
96	97
96	98
96	99
96	100
97	98
97	99
97	100
98	99
98	100
99	100
149	150
